-0.3981998789126414 -0.39809713341316766 -0.39760511271146226 -0.3982794704967408 -0.39841984110869794 -0.3984299709466742 
-1.0116469273425222 -1.0106887056626348 -1.0003530779246146 -0.98872275371835 -1.0145215923821838 -1.0145727950673686 
-0.4134835044746956 -0.4149875311666616 -0.32618568169571316 -0.39120077056141506 -0.41557885790025506 -0.4155968548008427 
-1.0737154470831372 -1.0925504128835704 4.256755984451588 -1.093298880435247 -1.0935366289516621 -1.093598267455918 
-0.7574944902039571 -0.8302572150748986 -0.6016117512253609 -0.4752508094588926 -1.0 -1.0000704577499095 
-0.973163527357622 -0.9862798231675332 -0.6125620135486746 -0.6913805646126526 -0.9999154566568422 -1.0 
-0.39840392279187803 -0.39816948939871255 -0.39450104093158583 -0.398361956320262 -0.39841984110869794 -0.3984299709466742 
1.9501577678343849 -1.0117273887049554 8.070524448014812 -1.0144484456890626 -1.0145215923821838 -1.0145727950673686 
5.541310394072966 -0.41363005066519487 -0.23473571685258524 -0.4102054975819493 -0.41557885790025506 -0.4155968548008427 
-1.0848279888503867 -1.090454703738875 -0.7086570028782024 -0.8706870195653317 -1.0935366289516621 -1.093598267455918 
