<<<<<<< Updated upstream
kuvisko 159 230 570 104
MarcosM77015645 400 531 1944 3534
7clarisse 822 237 34777 9489
NoticiasVeApp 2258 119 607615 34
Lucaschaoandre 24100 16871 39587 52141
ZelmaconZ 2222 1136 32079 25553
Ticiia19 18 180 2715 47
El_Cooperante 405313 389 1242038 17
someecards 2316974 765 70347 2097
IMRACHELMCG 996 357 43716 25315
=======
Beeckysays 274 329 4030 2786
CondoKat 1794 1463 6784 610
IonIonmiIk 52 294 4490 589
alxxn_ 1122 1003 55942 61648
wavesof_BEAUTY 720 914 12640 1708
BevTheBlonde 4162 2559 10663 8920
WRhodes__ 258 228 17897 989
Adabear_Art 111 344 1998 7218
Laskohhhh 77 186 286 656
BillySarnataro 30 361 812 359
Lil_jazzie 1284 1402 24148 9216
uhlexuhhndrheya 73 192 2944 4430
BuffaloVegan 1598 437 2286 216
sdv_32 1064 674 5091 8006
Andyy_BB 971 648 27446 26479
LouieT2310 247 474 74136 3723
Digg_My_Cheese 929 836 33005 8158
nrguerrero1 120 165 2608 5960
GabssBarragan 120 22 10013 888
ddoneaaaaa_ 2280 688 2054 628
mikeFAIL 7875 513 157184 67579
akmalsyahr 443 558 22792 1541
miso_to_cheese 17 60 451 634
slayback11 295 267 1278 3859
KevinKapustka 185 316 5491 4008
Eykaemma3 192 226 3219 7507
sickstickly 1041 488 19617 16075
olivia_shaye_ 469 239 13068 8647
DurkinFox9 360 285 3754 1716
Annoyed_Otter 16 69 13 35
tja3mwjgq8 15 14 317 106
JISOPAS 50 49 3304 381
kkquavo 560 411 24655 3955
fishingtons 167 96 12741 8283
starksrhodes 207 149 6816 11339
gidley99 650 830 13136 16233
olivernoodle 2592 1824 74937 75828
nfhanger 169 285 285 195
ppparanatural 63 152 1777 4943
zackery_thomas 98 393 1595 2032
mccannon15 22 132 1456 1480
keanalcurry 998 169 656 2475
bobsburgerbot 1 0 1983 0
dezzycampos 1291 884 18316 4176
shaunii_frank 81 114 7848 190
____Jeremiah 1832 1091 87030 2688
athenadarlingg 375 260 20112 2403
MelissaRose0324 42 397 211 6811
sarahnade_84 260 325 12127 19366
cieraowens23 401 1219 4703 1541
>>>>>>> Stashed changes
