0.016759165104066387 0.10311139048049744 0.034017236890059366 
0.139786672572554 0.7433840247022534 0.1123457389848635 
0.00952225290003772 0.05008267537624156 0.009288097209015744 
0.006856022088027158 0.0 0.0503803828756178 
0.08112959470832154 0.22488103257175163 0.11162482169246696 
0.06627488018426264 0.1453379599153679 0.48993874501636553 
3.7110124002027076 4.432807777418721 2.879293369276447 
0.018282725568072422 0.2720176682199791 0.4992436077438091 
1.2889321525491082 0.4988627272770736 1.3700111038482472 
0.04875393484819318 0.10507541696584022 0.08350904728900238 
0.009141362784036211 0.028478384037470716 0.028384022698309752 
0.22472516844089058 0.30933417144149244 0.9230759135992559 
0.07008378134427773 0.14337393343002502 0.015994304580146224 
0.03885079183215395 0.5666216410214006 0.07474068115124927 
0.16454453011265208 0.9083622494710494 0.06157974918540571 
0.0 0.021604291338770842 0.0 
0.017520945336069405 0.3928052970685619 0.020638353184654068 
0.25100658644499474 0.555819495352015 0.2380871271935601 
0.2041571021768091 3.47436285257143 0.38585840661642035 
0.18168458533272003 0.5018087670050878 0.27020986050127516 
0.7583522209590055 1.7558396778964718 0.2930780276368301 
0.031232989512123777 0.22880908554243728 0.028350491661454147 
0.11426703480045286 1.5054263010152635 0.0920259306503381 
2.2304925193048395 0.8523874946387793 5.4099980794015305 
0.005713351740022632 0.038298516464184695 0.0043925658280904445 
5.63945905751835 1.7656598103231858 0.3195004846790842 
0.01904450580007544 0.1453379599153679 0.020353339371381007 
0.05370550635621285 0.07266897995768395 0.032357450565704604 
0.9305145533916876 2.072047942036664 0.10879144907816429 
0.0323756598601283 0.17479835719550996 0.1715783155903735 
0.6094241856024152 0.9721931102446907 0.9270325759482227 
0.08608116621634115 0.22291700608640885 0.006354131484146153 
1.7734243801030283 3.3025105351039343 0.5424986452876007 
0.011426703480045264 0.18658251610756682 0.005851165931311353 
1.3734897583014434 0.1374818539739966 0.3762349990388481 
0.30280764222120005 0.6903553095979975 0.020772477332076655 
0.15578405744461737 0.2612155225505936 0.08609093712688759 
0.4083142043536182 0.871045746249536 0.16272612186048124 
0.04684948426818564 0.20033070150496657 0.03316219545024024 
0.11007724352443626 0.2739816947053219 0.8787311173576555 
0.1013167708564015 0.1247156818192684 0.09269655138745114 
0.21482202542485135 1.093962752335945 0.20284600745826942 
0.11274347433644683 0.22291700608640885 0.1253390157664288 
0.11198169410444381 0.21997096635839464 0.005465559007471366 
0.02399607730809511 0.021604291338770842 0.1734225226174344 
1.1799975793726765 3.5214994882196575 4.0921612689006786 
0.31156811488923475 0.5597475483227007 0.40074618698033004 
0.08874739702835172 0.2680896152492935 0.22373584341934086 
0.2925236090891593 0.44779803865816054 0.3898988965575265 
0.09979321039239547 0.4959166875490594 0.6659263919532573 
